array([[[[ 0.19172404, -0.42146112, -2.35461939,  0.27362375],
         [-0.2886951 ,  1.15543539, -0.21533208, -1.03920313],
         [-0.27629584, -0.999263  , -0.13280571,  0.32427667],
         [-1.47060885,  1.55255574,  0.07267121,  1.14932369]],

        [[ 1.89916337,  0.84054009,  0.51084225, -1.33536312],
         [ 0.71647871, -0.40511581, -0.12374408,  1.53559347],
         [-0.23999376, -0.31018549,  0.6283871 ,  1.11723036],
         [ 0.27975439,  0.67202449,  0.49179734, -0.35994473]],

        [[ 0.61357288, -1.26472346,  0.38424224,  0.82175966],
         [-0.49891688,  0.60772774, -0.08187292,  0.02552508],
         [-0.06023034, -0.89405128, -1.7094754 ,  1.01295049],
         [ 0.55528711, -0.96049062,  0.48268881,  0.95776594]],

        [[ 0.76965823,  0.8300851 , -1.95649665,  0.10188036],
         [-1.63674795, -0.84323711,  0.34450796,  0.84463622],
         [-0.07606078, -0.88797946, -0.49728121,  0.71598627],
         [ 0.27140101, -0.02665296,  0.11269816,  0.87202737]],

        [[ 0.3409714 ,  1.35010717,  1.61175911,  2.22283635],
         [ 1.55347276, -1.20957114, -0.70250182, -0.06887572],
         [ 0.30886664, -0.26352457,  1.72373409,  0.23057572],
         [ 1.50467527,  0.48643363,  0.95516323, -0.19232944]]],


       [[[ 0.27819605, -1.75979241,  0.67763419, -0.28580653],
         [-0.12933195, -0.05206757,  1.27487705, -1.057246  ],
         [ 1.18190669, -0.02404806,  1.34099797,  0.1123892 ],
         [-0.49578142,  2.05455182, -0.61237285, -0.84846096]],

        [[-0.1786482 , -1.12945324,  1.08371168, -0.95275719],
         [-0.75305181, -0.19620303,  0.03530329, -0.47856886],
         [-0.27494139,  1.74097609,  0.2836524 , -0.4847041 ],
         [-0.54624821,  0.7096429 ,  0.38513418, -2.08281703]],

        [[ 0.67576034, -0.58925441, -0.25679321,  0.18174788],
         [ 1.40946637, -0.66688141,  0.3538178 , -0.32498806],
         [ 0.41426542,  1.31859454,  3.10848043, -0.6832666 ],
         [ 0.9722317 ,  0.91492146,  1.65462306,  0.29620938]],

        [[ 0.04694484, -0.75823229, -0.15115311, -1.24681911],
         [ 0.14666493,  1.32211587,  0.02134668,  0.24064837],
         [-0.58014891,  0.10991898,  0.23330592,  0.48917091],
         [-0.34240203,  0.01970706, -1.05287898, -0.08065229]],

        [[ 0.28847181, -0.27572148,  0.17446652, -1.09652552],
         [-1.59580041, -0.759877  ,  0.31114836,  0.79374051],
         [-0.72310324,  0.07337215, -0.8057205 ,  0.98663837],
         [-0.05500355,  0.16470956, -0.3787901 , -0.02743151]]],


       [[[-0.16001486,  0.19689282,  0.51822951,  0.60499248],
         [-1.11812658, -0.22486124,  0.39433312,  1.33296472],
         [ 1.79746603,  0.19269089, -1.48182669,  0.37627185],
         [ 0.16719995,  1.03866547, -1.71008018,  0.4187116 ]],

        [[-0.1570613 ,  0.92837467, -0.932293  ,  1.34928795],
         [-0.9338474 ,  0.66742339,  1.49848011,  0.31289321],
         [ 2.26410631,  0.57659972, -0.41252774, -0.7633139 ],
         [ 0.73486016, -0.37299269,  0.45783194, -0.5231081 ]],

        [[-2.44089454, -0.95538165, -0.36671089,  1.08903399],
         [ 1.09229797, -0.87474908,  0.99253432, -0.3627688 ],
         [-0.63930875,  0.125636  , -0.72051949, -1.33450409],
         [-0.98913477,  0.86693201, -1.04976469, -1.04643901]],

        [[ 0.91289007, -0.28673188,  1.25713624,  0.77760319],
         [ 0.03685655,  1.40916878, -0.61277718, -1.07750599],
         [ 1.28196599, -0.06419807,  1.27428159, -0.03997158],
         [ 0.64840371,  0.67544458,  0.90603541,  2.20775901]],

        [[ 0.78809664, -0.97219847, -0.5747165 ,  0.04472724],
         [ 1.80634559,  0.41393266, -1.32250973, -1.25223715],
         [ 1.25177887, -0.46657076,  0.63566794,  1.91840947],
         [ 0.5586663 , -0.61856658, -0.85072843,  0.25058569]]],


       [[[-0.45544132, -0.63748162, -0.78589456,  0.66940778],
         [-0.73606844,  0.94918323,  0.68884676, -3.03301624],
         [ 1.26292953, -0.38582696,  0.14545484, -0.18295337],
         [ 0.19032619,  1.19188974,  0.76152869, -1.03513448]],

        [[-0.59680386,  1.10522027, -1.21530882, -0.79368575],
         [-0.55206277,  0.294211  ,  1.56193826,  1.25533897],
         [ 0.33332603, -0.15454125, -1.18534357, -0.44097913],
         [-0.29989018, -0.93888719, -1.64584249,  0.0038952 ]],

        [[ 1.39728201,  0.2588261 ,  1.09523509, -1.64783322],
         [-0.82326794,  0.58736236, -0.72405893,  0.19943682],
         [-1.8619888 , -1.63628587, -2.47822792,  0.57935217],
         [-0.87186372,  0.54966188, -0.56290647,  1.6688792 ]],

        [[-0.2340106 , -0.28644061,  2.07840483,  0.47156173],
         [-0.63580553,  0.12541673,  1.37816894,  0.72986456],
         [ 1.24852466, -0.43897937, -0.8663669 , -0.53310841],
         [ 1.05970659, -0.23970713, -0.40265794, -0.09421501]],

        [[ 0.58548176, -1.85430921,  0.12151602, -0.02882191],
         [ 0.65708059,  0.31923157, -0.52314553, -0.41783529],
         [ 0.22263904, -0.94425331, -0.03921747,  0.68582683],
         [ 0.13908746, -1.14281703,  2.3586014 , -0.02609801]]],


       [[[-0.11796711, -0.33230349,  0.03791747, -0.84835586],
         [-0.0567022 ,  1.65152708,  0.55419313,  1.14475151],
         [-0.84681298,  0.52961885, -0.04457255,  1.28241548],
         [ 0.54142909,  1.4012308 , -0.80821475,  0.02980864]],

        [[ 1.87398779,  1.13038878,  0.28533861, -3.17951113],
         [ 1.46160005,  0.40904039,  0.48812286,  0.29980205],
         [-0.71040086, -0.05388061,  0.56742547, -0.49740171],
         [-1.48959286,  0.70055639, -0.12313071, -3.08730461]],

        [[-0.85774988,  0.45925995, -0.35409072, -0.10987909],
         [ 0.54352932, -0.04769344, -0.92747599,  0.71501946],
         [ 1.01888248,  1.4620917 , -1.27208514, -0.57184275],
         [-0.42281862,  0.1613284 , -2.17831829,  0.37785249]],

        [[ 1.13787647,  0.69613282, -2.17001432, -0.80489882],
         [-1.06203932,  0.89830972, -1.5248427 ,  0.54170061],
         [ 0.8290991 ,  1.55523536, -0.36487226,  0.84449388],
         [-1.07011962,  0.49850813, -0.07332089,  0.10690103]],

        [[ 1.48971049, -1.66497628, -1.01673834,  0.56081825],
         [ 0.27612722, -0.57516039, -1.05003416, -0.52155975],
         [ 0.92467206,  0.92810206, -0.6530515 ,  0.31212147],
         [ 0.12974527, -0.26703656,  1.14195982,  0.66935511]]]])